<!DOCTYPE html>
<html lang="en">
  <head>
    <meta charset="utf-8">
    <title>Spectral Overlap Heatmap</title>
    <style>
      html, body {
        box-sizing: border-box;
        display: flow-root;
        height: 100%;
        margin: 0;
        padding: 0;
      }
    </style>
<script src="https://cdn.bokeh.org/bokeh/release/bokeh-3.9.0.min.js"></script>
<script>
Bokeh.set_log_level("info");
</script>
  </head>
  <body>
    <div id="e8c1940a-5ccd-4d22-8b97-c1e217ee5ddb" data-root-id="p1012" style="display: contents;"></div>

    <script type="application/json" id="a36d31b4-412e-43ae-9bdd-ecbd2e2731fe">
      {"0dda2881-243c-41c2-b7e3-efc3a2d97472":{"version":"3.9.0","title":"Bokeh Application","config":{"type":"object","name":"DocumentConfig","id":"p1058","attributes":{"notifications":{"type":"object","name":"Notifications","id":"p1059"}}},"roots":[{"type":"object","name":"Figure","id":"p1012","attributes":{"width":800,"height":750,"x_range":{"type":"object","name":"FactorRange","id":"p1022","attributes":{"factors":["\u26a1 bckg","chew","chew_elec","chew_musc","\u26a1 cpsz","elec","eyem","eyem_chew","eyem_elec","eyem_musc","eyem_shiv","\u26a1 fnsz","\u26a1 gnsz","musc","musc_elec","shiv","shiv_elec","\u26a1 tcsz"]}},"y_range":{"type":"object","name":"FactorRange","id":"p1023","attributes":{"factors":["\u26a1 tcsz","shiv_elec","shiv","musc_elec","musc","\u26a1 gnsz","\u26a1 fnsz","eyem_shiv","eyem_musc","eyem_elec","eyem_chew","eyem","elec","\u26a1 cpsz","chew_musc","chew_elec","chew","\u26a1 bckg"]}},"x_scale":{"type":"object","name":"CategoricalScale","id":"p1024"},"y_scale":{"type":"object","name":"CategoricalScale","id":"p1025"},"title":{"type":"object","name":"Title","id":"p1015","attributes":{"text":"Spectral Overlap Heatmap \u2014 Bhattacharyya Coefficient (96 patients | \u26a1 = seizure label)"}},"renderers":[{"type":"object","name":"GlyphRenderer","id":"p1051","attributes":{"data_source":{"type":"object","name":"ColumnDataSource","id":"p1006","attributes":{"selected":{"type":"object","name":"Selection","id":"p1007","attributes":{"indices":[],"line_indices":[]}},"selection_policy":{"type":"object","name":"UnionRenderers","id":"p1008"},"data":{"type":"map","entries":[["x",["\u26a1 bckg","chew","chew_elec","chew_musc","\u26a1 cpsz","elec","eyem","eyem_chew","eyem_elec","eyem_musc","eyem_shiv","\u26a1 fnsz","\u26a1 gnsz","musc","musc_elec","shiv","shiv_elec","\u26a1 tcsz","\u26a1 bckg","chew","chew_elec","chew_musc","\u26a1 cpsz","elec","eyem","eyem_chew","eyem_elec","eyem_musc","eyem_shiv","\u26a1 fnsz","\u26a1 gnsz","musc","musc_elec","shiv","shiv_elec","\u26a1 tcsz","\u26a1 bckg","chew","chew_elec","chew_musc","\u26a1 cpsz","elec","eyem","eyem_chew","eyem_elec","eyem_musc","eyem_shiv","\u26a1 fnsz","\u26a1 gnsz","musc","musc_elec","shiv","shiv_elec","\u26a1 tcsz","\u26a1 bckg","chew","chew_elec","chew_musc","\u26a1 cpsz","elec","eyem","eyem_chew","eyem_elec","eyem_musc","eyem_shiv","\u26a1 fnsz","\u26a1 gnsz","musc","musc_elec","shiv","shiv_elec","\u26a1 tcsz","\u26a1 bckg","chew","chew_elec","chew_musc","\u26a1 cpsz","elec","eyem","eyem_chew","eyem_elec","eyem_musc","eyem_shiv","\u26a1 fnsz","\u26a1 gnsz","musc","musc_elec","shiv","shiv_elec","\u26a1 tcsz","\u26a1 bckg","chew","chew_elec","chew_musc","\u26a1 cpsz","elec","eyem","eyem_chew","eyem_elec","eyem_musc","eyem_shiv","\u26a1 fnsz","\u26a1 gnsz","musc","musc_elec","shiv","shiv_elec","\u26a1 tcsz","\u26a1 bckg","chew","chew_elec","chew_musc","\u26a1 cpsz","elec","eyem","eyem_chew","eyem_elec","eyem_musc","eyem_shiv","\u26a1 fnsz","\u26a1 gnsz","musc","musc_elec","shiv","shiv_elec","\u26a1 tcsz","\u26a1 bckg","chew","chew_elec","chew_musc","\u26a1 cpsz","elec","eyem","eyem_chew","eyem_elec","eyem_musc","eyem_shiv","\u26a1 fnsz","\u26a1 gnsz","musc","musc_elec","shiv","shiv_elec","\u26a1 tcsz","\u26a1 bckg","chew","chew_elec","chew_musc","\u26a1 cpsz","elec","eyem","eyem_chew","eyem_elec","eyem_musc","eyem_shiv","\u26a1 fnsz","\u26a1 gnsz","musc","musc_elec","shiv","shiv_elec","\u26a1 tcsz","\u26a1 bckg","chew","chew_elec","chew_musc","\u26a1 cpsz","elec","eyem","eyem_chew","eyem_elec","eyem_musc","eyem_shiv","\u26a1 fnsz","\u26a1 gnsz","musc","musc_elec","shiv","shiv_elec","\u26a1 tcsz","\u26a1 bckg","chew","chew_elec","chew_musc","\u26a1 cpsz","elec","eyem","eyem_chew","eyem_elec","eyem_musc","eyem_shiv","\u26a1 fnsz","\u26a1 gnsz","musc","musc_elec","shiv","shiv_elec","\u26a1 tcsz","\u26a1 bckg","chew","chew_elec","chew_musc","\u26a1 cpsz","elec","eyem","eyem_chew","eyem_elec","eyem_musc","eyem_shiv","\u26a1 fnsz","\u26a1 gnsz","musc","musc_elec","shiv","shiv_elec","\u26a1 tcsz","\u26a1 bckg","chew","chew_elec","chew_musc","\u26a1 cpsz","elec","eyem","eyem_chew","eyem_elec","eyem_musc","eyem_shiv","\u26a1 fnsz","\u26a1 gnsz","musc","musc_elec","shiv","shiv_elec","\u26a1 tcsz","\u26a1 bckg","chew","chew_elec","chew_musc","\u26a1 cpsz","elec","eyem","eyem_chew","eyem_elec","eyem_musc","eyem_shiv","\u26a1 fnsz","\u26a1 gnsz","musc","musc_elec","shiv","shiv_elec","\u26a1 tcsz","\u26a1 bckg","chew","chew_elec","chew_musc","\u26a1 cpsz","elec","eyem","eyem_chew","eyem_elec","eyem_musc","eyem_shiv","\u26a1 fnsz","\u26a1 gnsz","musc","musc_elec","shiv","shiv_elec","\u26a1 tcsz","\u26a1 bckg","chew","chew_elec","chew_musc","\u26a1 cpsz","elec","eyem","eyem_chew","eyem_elec","eyem_musc","eyem_shiv","\u26a1 fnsz","\u26a1 gnsz","musc","musc_elec","shiv","shiv_elec","\u26a1 tcsz","\u26a1 bckg","chew","chew_elec","chew_musc","\u26a1 cpsz","elec","eyem","eyem_chew","eyem_elec","eyem_musc","eyem_shiv","\u26a1 fnsz","\u26a1 gnsz","musc","musc_elec","shiv","shiv_elec","\u26a1 tcsz","\u26a1 bckg","chew","chew_elec","chew_musc","\u26a1 cpsz","elec","eyem","eyem_chew","eyem_elec","eyem_musc","eyem_shiv","\u26a1 fnsz","\u26a1 gnsz","musc","musc_elec","shiv","shiv_elec","\u26a1 tcsz"]],["y",["\u26a1 bckg","\u26a1 bckg","\u26a1 bckg","\u26a1 bckg","\u26a1 bckg","\u26a1 bckg","\u26a1 bckg","\u26a1 bckg","\u26a1 bckg","\u26a1 bckg","\u26a1 bckg","\u26a1 bckg","\u26a1 bckg","\u26a1 bckg","\u26a1 bckg","\u26a1 bckg","\u26a1 bckg","\u26a1 bckg","chew","chew","chew","chew","chew","chew","chew","chew","chew","chew","chew","chew","chew","chew","chew","chew","chew","chew","chew_elec","chew_elec","chew_elec","chew_elec","chew_elec","chew_elec","chew_elec","chew_elec","chew_elec","chew_elec","chew_elec","chew_elec","chew_elec","chew_elec","chew_elec","chew_elec","chew_elec","chew_elec","chew_musc","chew_musc","chew_musc","chew_musc","chew_musc","chew_musc","chew_musc","chew_musc","chew_musc","chew_musc","chew_musc","chew_musc","chew_musc","chew_musc","chew_musc","chew_musc","chew_musc","chew_musc","\u26a1 cpsz","\u26a1 cpsz","\u26a1 cpsz","\u26a1 cpsz","\u26a1 cpsz","\u26a1 cpsz","\u26a1 cpsz","\u26a1 cpsz","\u26a1 cpsz","\u26a1 cpsz","\u26a1 cpsz","\u26a1 cpsz","\u26a1 cpsz","\u26a1 cpsz","\u26a1 cpsz","\u26a1 cpsz","\u26a1 cpsz","\u26a1 cpsz","elec","elec","elec","elec","elec","elec","elec","elec","elec","elec","elec","elec","elec","elec","elec","elec","elec","elec","eyem","eyem","eyem","eyem","eyem","eyem","eyem","eyem","eyem","eyem","eyem","eyem","eyem","eyem","eyem","eyem","eyem","eyem","eyem_chew","eyem_chew","eyem_chew","eyem_chew","eyem_chew","eyem_chew","eyem_chew","eyem_chew","eyem_chew","eyem_chew","eyem_chew","eyem_chew","eyem_chew","eyem_chew","eyem_chew","eyem_chew","eyem_chew","eyem_chew","eyem_elec","eyem_elec","eyem_elec","eyem_elec","eyem_elec","eyem_elec","eyem_elec","eyem_elec","eyem_elec","eyem_elec","eyem_elec","eyem_elec","eyem_elec","eyem_elec","eyem_elec","eyem_elec","eyem_elec","eyem_elec","eyem_musc","eyem_musc","eyem_musc","eyem_musc","eyem_musc","eyem_musc","eyem_musc","eyem_musc","eyem_musc","eyem_musc","eyem_musc","eyem_musc","eyem_musc","eyem_musc","eyem_musc","eyem_musc","eyem_musc","eyem_musc","eyem_shiv","eyem_shiv","eyem_shiv","eyem_shiv","eyem_shiv","eyem_shiv","eyem_shiv","eyem_shiv","eyem_shiv","eyem_shiv","eyem_shiv","eyem_shiv","eyem_shiv","eyem_shiv","eyem_shiv","eyem_shiv","eyem_shiv","eyem_shiv","\u26a1 fnsz","\u26a1 fnsz","\u26a1 fnsz","\u26a1 fnsz","\u26a1 fnsz","\u26a1 fnsz","\u26a1 fnsz","\u26a1 fnsz","\u26a1 fnsz","\u26a1 fnsz","\u26a1 fnsz","\u26a1 fnsz","\u26a1 fnsz","\u26a1 fnsz","\u26a1 fnsz","\u26a1 fnsz","\u26a1 fnsz","\u26a1 fnsz","\u26a1 gnsz","\u26a1 gnsz","\u26a1 gnsz","\u26a1 gnsz","\u26a1 gnsz","\u26a1 gnsz","\u26a1 gnsz","\u26a1 gnsz","\u26a1 gnsz","\u26a1 gnsz","\u26a1 gnsz","\u26a1 gnsz","\u26a1 gnsz","\u26a1 gnsz","\u26a1 gnsz","\u26a1 gnsz","\u26a1 gnsz","\u26a1 gnsz","musc","musc","musc","musc","musc","musc","musc","musc","musc","musc","musc","musc","musc","musc","musc","musc","musc","musc","musc_elec","musc_elec","musc_elec","musc_elec","musc_elec","musc_elec","musc_elec","musc_elec","musc_elec","musc_elec","musc_elec","musc_elec","musc_elec","musc_elec","musc_elec","musc_elec","musc_elec","musc_elec","shiv","shiv","shiv","shiv","shiv","shiv","shiv","shiv","shiv","shiv","shiv","shiv","shiv","shiv","shiv","shiv","shiv","shiv","shiv_elec","shiv_elec","shiv_elec","shiv_elec","shiv_elec","shiv_elec","shiv_elec","shiv_elec","shiv_elec","shiv_elec","shiv_elec","shiv_elec","shiv_elec","shiv_elec","shiv_elec","shiv_elec","shiv_elec","shiv_elec","\u26a1 tcsz","\u26a1 tcsz","\u26a1 tcsz","\u26a1 tcsz","\u26a1 tcsz","\u26a1 tcsz","\u26a1 tcsz","\u26a1 tcsz","\u26a1 tcsz","\u26a1 tcsz","\u26a1 tcsz","\u26a1 tcsz","\u26a1 tcsz","\u26a1 tcsz","\u26a1 tcsz","\u26a1 tcsz","\u26a1 tcsz","\u26a1 tcsz"]],["values",[1.0000000000000002,0.9412222122451475,0.9348142477468171,0.9494030502754933,0.9877231437062705,0.9672432935345342,0.9868846292821775,0.9582795123451925,0.9919346468894907,0.9890869557772692,0.9019159661245463,0.9725783629567547,0.9609629088546499,0.9028818614448486,0.987679568139504,0.8176833967586474,0.8509478127068536,0.854981482499259,0.9412222122451475,1.0,0.9642336958210191,0.9887171885373156,0.9463884990709397,0.8579666557972848,0.8831793171402844,0.9925345945818828,0.9199481198721158,0.9660030214964848,0.9810366230960185,0.9208441570515546,0.9662247138333289,0.9873849848747687,0.9675804348602715,0.943875336487819,0.9087862731825405,0.9359171654217997,0.9348142477468171,0.9642336958210191,1.0,0.9764117971277455,0.9498186230588579,0.8769831276970461,0.8900693442978387,0.9659163293053084,0.9188639373825759,0.9518019640890152,0.9571847989653475,0.9073241138235293,0.9656498571528258,0.9611735790599011,0.9590945534420345,0.9246563223292431,0.9033128752573504,0.9352483721575198,0.9494030502754933,0.9887171885373156,0.9764117971277455,0.9999999999999998,0.9641480718432842,0.8886745726279915,0.900217483254867,0.9926839192861975,0.9374207635619206,0.9763029117604796,0.9825479335606074,0.9149282581101059,0.9662045997639215,0.9847621472521156,0.9779351247903045,0.9441309083399312,0.9187488902725438,0.918726319059362,0.9877231437062705,0.9463884990709397,0.9498186230588579,0.9641480718432842,1.0000000000000002,0.9583810813791661,0.9666986709691087,0.9649121197922006,0.9812158186404036,0.98679803025763,0.9236780328122175,0.9542874709386572,0.9664247455598853,0.9254820575410898,0.9909164481000117,0.8603262132304046,0.8872186641568994,0.8690978132775165,0.9672432935345342,0.8579666557972848,0.8769831276970461,0.8886745726279915,0.9583810813791661,0.9999999999999997,0.980566608345092,0.8998753520581737,0.9876024725608507,0.9579518803758853,0.8404448569373318,0.8934454736680059,0.8803326778228404,0.8332443665022147,0.9578895118501116,0.7394029545762956,0.7832341303280396,0.7216166111622587,0.9868846292821775,0.8831793171402844,0.8900693442978387,0.900217483254867,0.9666986709691087,0.980566608345092,0.9999999999999991,0.9119998104119268,0.9883973849947384,0.9646199561952669,0.8366028172562663,0.9503585399607819,0.9212861405580607,0.835801047170802,0.9603092740222055,0.7373973293904381,0.7933623074592815,0.7820361251944183,0.9582795123451925,0.9925345945818828,0.9659163293053084,0.9926839192861975,0.9649121197922006,0.8998753520581737,0.9119998104119268,1.0,0.9495333520799996,0.984972630156771,0.9818521078386793,0.918590667777758,0.9603177997477114,0.9833953704909049,0.9834936209541791,0.9317020996712053,0.8988814257817936,0.901347589959292,0.9919346468894907,0.9199481198721158,0.9188639373825759,0.9374207635619206,0.9812158186404036,0.9876024725608507,0.9883973849947384,0.9495333520799996,0.9999999999999996,0.9885686365896094,0.8940466027725323,0.9378259673522814,0.9282836732528346,0.8900308180413582,0.9850220350399276,0.8013462028890044,0.8280975919520737,0.7989106356600613,0.9890869557772692,0.9660030214964848,0.9518019640890152,0.9763029117604796,0.98679803025763,0.9579518803758853,0.9646199561952669,0.984972630156771,0.9885686365896094,0.9999999999999991,0.9473271892319084,0.9428801967773164,0.9559070287929007,0.9453924839699731,0.9967589052505313,0.8726090441411927,0.8720550571832029,0.8588166773953109,0.9019159661245463,0.9810366230960185,0.9571847989653475,0.9825479335606074,0.9236780328122175,0.8404448569373318,0.8366028172562663,0.9818521078386793,0.8940466027725323,0.9473271892319084,1.0,0.8527186435509199,0.9262079123824721,0.9958618686688293,0.9509397051731506,0.9672918950441938,0.9043740561595295,0.8966355728273143,0.9725783629567547,0.9208441570515546,0.9073241138235293,0.9149282581101059,0.9542874709386572,0.8934454736680059,0.9503585399607819,0.918590667777758,0.9378259673522814,0.9428801967773164,0.8527186435509199,1.0000000000000002,0.9660039914566294,0.8606561530688669,0.9413401336228503,0.7763034334324374,0.8318964080121913,0.9011988004061182,0.9609629088546499,0.9662247138333289,0.9656498571528258,0.9662045997639215,0.9664247455598853,0.8803326778228404,0.9212861405580607,0.9603177997477114,0.9282836732528346,0.9559070287929007,0.9262079123824721,0.9660039914566294,1.0,0.9381614810486987,0.9624415709832211,0.888455382089272,0.9068645409010251,0.9496402947283243,0.9028818614448486,0.9873849848747687,0.9611735790599011,0.9847621472521156,0.9254820575410898,0.8332443665022147,0.835801047170802,0.9833953704909049,0.8900308180413582,0.9453924839699731,0.9958618686688293,0.8606561530688669,0.9381614810486987,0.9999999999999993,0.9514149615031418,0.9757433899647725,0.9154810553964012,0.914492616009579,0.987679568139504,0.9675804348602715,0.9590945534420345,0.9779351247903045,0.9909164481000117,0.9578895118501116,0.9603092740222055,0.9834936209541791,0.9850220350399276,0.9967589052505313,0.9509397051731506,0.9413401336228503,0.9624415709832211,0.9514149615031418,0.9999999999999999,0.8865761410374635,0.8918014049030537,0.8702645524079227,0.8176833967586474,0.943875336487819,0.9246563223292431,0.9441309083399312,0.8603262132304046,0.7394029545762956,0.7373973293904381,0.9317020996712053,0.8013462028890044,0.8726090441411927,0.9672918950441938,0.7763034334324374,0.888455382089272,0.9757433899647725,0.8865761410374635,1.0,0.9246252661205665,0.894113309490064,0.8509478127068536,0.9087862731825405,0.9033128752573504,0.9187488902725438,0.8872186641568994,0.7832341303280396,0.7933623074592815,0.8988814257817936,0.8280975919520737,0.8720550571832029,0.9043740561595295,0.8318964080121913,0.9068645409010251,0.9154810553964012,0.8918014049030537,0.9246252661205665,1.0,0.8834388940838276,0.854981482499259,0.9359171654217997,0.9352483721575198,0.918726319059362,0.8690978132775165,0.7216166111622587,0.7820361251944183,0.901347589959292,0.7989106356600613,0.8588166773953109,0.8966355728273143,0.9011988004061182,0.9496402947283243,0.914492616009579,0.8702645524079227,0.894113309490064,0.8834388940838276,1.0]],["label_a",["bckg","bckg","bckg","bckg","bckg","bckg","bckg","bckg","bckg","bckg","bckg","bckg","bckg","bckg","bckg","bckg","bckg","bckg","chew","chew","chew","chew","chew","chew","chew","chew","chew","chew","chew","chew","chew","chew","chew","chew","chew","chew","chew_elec","chew_elec","chew_elec","chew_elec","chew_elec","chew_elec","chew_elec","chew_elec","chew_elec","chew_elec","chew_elec","chew_elec","chew_elec","chew_elec","chew_elec","chew_elec","chew_elec","chew_elec","chew_musc","chew_musc","chew_musc","chew_musc","chew_musc","chew_musc","chew_musc","chew_musc","chew_musc","chew_musc","chew_musc","chew_musc","chew_musc","chew_musc","chew_musc","chew_musc","chew_musc","chew_musc","cpsz","cpsz","cpsz","cpsz","cpsz","cpsz","cpsz","cpsz","cpsz","cpsz","cpsz","cpsz","cpsz","cpsz","cpsz","cpsz","cpsz","cpsz","elec","elec","elec","elec","elec","elec","elec","elec","elec","elec","elec","elec","elec","elec","elec","elec","elec","elec","eyem","eyem","eyem","eyem","eyem","eyem","eyem","eyem","eyem","eyem","eyem","eyem","eyem","eyem","eyem","eyem","eyem","eyem","eyem_chew","eyem_chew","eyem_chew","eyem_chew","eyem_chew","eyem_chew","eyem_chew","eyem_chew","eyem_chew","eyem_chew","eyem_chew","eyem_chew","eyem_chew","eyem_chew","eyem_chew","eyem_chew","eyem_chew","eyem_chew","eyem_elec","eyem_elec","eyem_elec","eyem_elec","eyem_elec","eyem_elec","eyem_elec","eyem_elec","eyem_elec","eyem_elec","eyem_elec","eyem_elec","eyem_elec","eyem_elec","eyem_elec","eyem_elec","eyem_elec","eyem_elec","eyem_musc","eyem_musc","eyem_musc","eyem_musc","eyem_musc","eyem_musc","eyem_musc","eyem_musc","eyem_musc","eyem_musc","eyem_musc","eyem_musc","eyem_musc","eyem_musc","eyem_musc","eyem_musc","eyem_musc","eyem_musc","eyem_shiv","eyem_shiv","eyem_shiv","eyem_shiv","eyem_shiv","eyem_shiv","eyem_shiv","eyem_shiv","eyem_shiv","eyem_shiv","eyem_shiv","eyem_shiv","eyem_shiv","eyem_shiv","eyem_shiv","eyem_shiv","eyem_shiv","eyem_shiv","fnsz","fnsz","fnsz","fnsz","fnsz","fnsz","fnsz","fnsz","fnsz","fnsz","fnsz","fnsz","fnsz","fnsz","fnsz","fnsz","fnsz","fnsz","gnsz","gnsz","gnsz","gnsz","gnsz","gnsz","gnsz","gnsz","gnsz","gnsz","gnsz","gnsz","gnsz","gnsz","gnsz","gnsz","gnsz","gnsz","musc","musc","musc","musc","musc","musc","musc","musc","musc","musc","musc","musc","musc","musc","musc","musc","musc","musc","musc_elec","musc_elec","musc_elec","musc_elec","musc_elec","musc_elec","musc_elec","musc_elec","musc_elec","musc_elec","musc_elec","musc_elec","musc_elec","musc_elec","musc_elec","musc_elec","musc_elec","musc_elec","shiv","shiv","shiv","shiv","shiv","shiv","shiv","shiv","shiv","shiv","shiv","shiv","shiv","shiv","shiv","shiv","shiv","shiv","shiv_elec","shiv_elec","shiv_elec","shiv_elec","shiv_elec","shiv_elec","shiv_elec","shiv_elec","shiv_elec","shiv_elec","shiv_elec","shiv_elec","shiv_elec","shiv_elec","shiv_elec","shiv_elec","shiv_elec","shiv_elec","tcsz","tcsz","tcsz","tcsz","tcsz","tcsz","tcsz","tcsz","tcsz","tcsz","tcsz","tcsz","tcsz","tcsz","tcsz","tcsz","tcsz","tcsz"]],["label_b",["bckg","chew","chew_elec","chew_musc","cpsz","elec","eyem","eyem_chew","eyem_elec","eyem_musc","eyem_shiv","fnsz","gnsz","musc","musc_elec","shiv","shiv_elec","tcsz","bckg","chew","chew_elec","chew_musc","cpsz","elec","eyem","eyem_chew","eyem_elec","eyem_musc","eyem_shiv","fnsz","gnsz","musc","musc_elec","shiv","shiv_elec","tcsz","bckg","chew","chew_elec","chew_musc","cpsz","elec","eyem","eyem_chew","eyem_elec","eyem_musc","eyem_shiv","fnsz","gnsz","musc","musc_elec","shiv","shiv_elec","tcsz","bckg","chew","chew_elec","chew_musc","cpsz","elec","eyem","eyem_chew","eyem_elec","eyem_musc","eyem_shiv","fnsz","gnsz","musc","musc_elec","shiv","shiv_elec","tcsz","bckg","chew","chew_elec","chew_musc","cpsz","elec","eyem","eyem_chew","eyem_elec","eyem_musc","eyem_shiv","fnsz","gnsz","musc","musc_elec","shiv","shiv_elec","tcsz","bckg","chew","chew_elec","chew_musc","cpsz","elec","eyem","eyem_chew","eyem_elec","eyem_musc","eyem_shiv","fnsz","gnsz","musc","musc_elec","shiv","shiv_elec","tcsz","bckg","chew","chew_elec","chew_musc","cpsz","elec","eyem","eyem_chew","eyem_elec","eyem_musc","eyem_shiv","fnsz","gnsz","musc","musc_elec","shiv","shiv_elec","tcsz","bckg","chew","chew_elec","chew_musc","cpsz","elec","eyem","eyem_chew","eyem_elec","eyem_musc","eyem_shiv","fnsz","gnsz","musc","musc_elec","shiv","shiv_elec","tcsz","bckg","chew","chew_elec","chew_musc","cpsz","elec","eyem","eyem_chew","eyem_elec","eyem_musc","eyem_shiv","fnsz","gnsz","musc","musc_elec","shiv","shiv_elec","tcsz","bckg","chew","chew_elec","chew_musc","cpsz","elec","eyem","eyem_chew","eyem_elec","eyem_musc","eyem_shiv","fnsz","gnsz","musc","musc_elec","shiv","shiv_elec","tcsz","bckg","chew","chew_elec","chew_musc","cpsz","elec","eyem","eyem_chew","eyem_elec","eyem_musc","eyem_shiv","fnsz","gnsz","musc","musc_elec","shiv","shiv_elec","tcsz","bckg","chew","chew_elec","chew_musc","cpsz","elec","eyem","eyem_chew","eyem_elec","eyem_musc","eyem_shiv","fnsz","gnsz","musc","musc_elec","shiv","shiv_elec","tcsz","bckg","chew","chew_elec","chew_musc","cpsz","elec","eyem","eyem_chew","eyem_elec","eyem_musc","eyem_shiv","fnsz","gnsz","musc","musc_elec","shiv","shiv_elec","tcsz","bckg","chew","chew_elec","chew_musc","cpsz","elec","eyem","eyem_chew","eyem_elec","eyem_musc","eyem_shiv","fnsz","gnsz","musc","musc_elec","shiv","shiv_elec","tcsz","bckg","chew","chew_elec","chew_musc","cpsz","elec","eyem","eyem_chew","eyem_elec","eyem_musc","eyem_shiv","fnsz","gnsz","musc","musc_elec","shiv","shiv_elec","tcsz","bckg","chew","chew_elec","chew_musc","cpsz","elec","eyem","eyem_chew","eyem_elec","eyem_musc","eyem_shiv","fnsz","gnsz","musc","musc_elec","shiv","shiv_elec","tcsz","bckg","chew","chew_elec","chew_musc","cpsz","elec","eyem","eyem_chew","eyem_elec","eyem_musc","eyem_shiv","fnsz","gnsz","musc","musc_elec","shiv","shiv_elec","tcsz","bckg","chew","chew_elec","chew_musc","cpsz","elec","eyem","eyem_chew","eyem_elec","eyem_musc","eyem_shiv","fnsz","gnsz","musc","musc_elec","shiv","shiv_elec","tcsz"]]]}}},"view":{"type":"object","name":"CDSView","id":"p1052","attributes":{"filter":{"type":"object","name":"AllIndices","id":"p1053"}}},"glyph":{"type":"object","name":"Rect","id":"p1048","attributes":{"x":{"type":"field","field":"x"},"y":{"type":"field","field":"y"},"width":{"type":"value","value":1},"height":{"type":"value","value":1},"line_color":{"type":"value","value":null},"fill_color":{"type":"field","field":"values","transform":{"type":"object","name":"LinearColorMapper","id":"p1009","attributes":{"palette":["#006837","#1a9850","#66bd63","#a6d96a","#d9ef8b","#ffffbf","#fee08b","#fdae61","#f46d43","#d73027","#a50026"],"low":0,"high":1}}}}},"nonselection_glyph":{"type":"object","name":"Rect","id":"p1049","attributes":{"x":{"type":"field","field":"x"},"y":{"type":"field","field":"y"},"width":{"type":"value","value":1},"height":{"type":"value","value":1},"line_color":{"type":"value","value":null},"line_alpha":{"type":"value","value":0.1},"fill_color":{"type":"field","field":"values","transform":{"id":"p1009"}},"fill_alpha":{"type":"value","value":0.1},"hatch_alpha":{"type":"value","value":0.1}}},"muted_glyph":{"type":"object","name":"Rect","id":"p1050","attributes":{"x":{"type":"field","field":"x"},"y":{"type":"field","field":"y"},"width":{"type":"value","value":1},"height":{"type":"value","value":1},"line_color":{"type":"value","value":null},"line_alpha":{"type":"value","value":0.2},"fill_color":{"type":"field","field":"values","transform":{"id":"p1009"}},"fill_alpha":{"type":"value","value":0.2},"hatch_alpha":{"type":"value","value":0.2}}}}}],"toolbar":{"type":"object","name":"Toolbar","id":"p1021","attributes":{"tools":[{"type":"object","name":"PanTool","id":"p1036"},{"type":"object","name":"BoxZoomTool","id":"p1037","attributes":{"dimensions":"both","overlay":{"type":"object","name":"BoxAnnotation","id":"p1038","attributes":{"syncable":false,"line_color":"black","line_alpha":1.0,"line_width":2,"line_dash":[4,4],"fill_color":"lightgrey","fill_alpha":0.5,"level":"overlay","visible":false,"left":{"type":"number","value":"nan"},"right":{"type":"number","value":"nan"},"top":{"type":"number","value":"nan"},"bottom":{"type":"number","value":"nan"},"left_units":"canvas","right_units":"canvas","top_units":"canvas","bottom_units":"canvas","handles":{"type":"object","name":"BoxInteractionHandles","id":"p1044","attributes":{"all":{"type":"object","name":"AreaVisuals","id":"p1043","attributes":{"fill_color":"white","hover_fill_color":"lightgray"}}}}}}}},{"type":"object","name":"WheelZoomTool","id":"p1045","attributes":{"renderers":"auto"}},{"type":"object","name":"ResetTool","id":"p1046"},{"type":"object","name":"SaveTool","id":"p1047"},{"type":"object","name":"HoverTool","id":"p1054","attributes":{"renderers":"auto","tooltips":[["pair","@label_a  \u2194  @label_b"],["overlap","@values{0.3f}"]],"sort_by":null}}]}},"left":[{"type":"object","name":"CategoricalAxis","id":"p1031","attributes":{"ticker":{"type":"object","name":"CategoricalTicker","id":"p1032"},"formatter":{"type":"object","name":"CategoricalTickFormatter","id":"p1033"},"axis_label_text_font_size":"11px","major_label_policy":{"type":"object","name":"AllLabels","id":"p1034"},"major_label_text_font_size":"10px"}}],"right":[{"type":"object","name":"ColorBar","id":"p1056","attributes":{"location":[0,0],"width":12,"title":"Overlap (0\u20131)","ticker":{"type":"object","name":"BasicTicker","id":"p1055","attributes":{"desired_num_ticks":10,"mantissas":[1,2,5]}},"major_label_policy":{"type":"object","name":"NoOverlap","id":"p1057"},"label_standoff":8,"color_mapper":{"id":"p1009"}}}],"below":[{"type":"object","name":"CategoricalAxis","id":"p1026","attributes":{"ticker":{"type":"object","name":"CategoricalTicker","id":"p1027"},"formatter":{"type":"object","name":"CategoricalTickFormatter","id":"p1028"},"axis_label_text_font_size":"11px","major_label_orientation":1.0,"major_label_policy":{"type":"object","name":"AllLabels","id":"p1029"},"major_label_text_font_size":"10px"}}],"center":[{"type":"object","name":"Grid","id":"p1030","attributes":{"axis":{"id":"p1026"}}},{"type":"object","name":"Grid","id":"p1035","attributes":{"dimension":1,"axis":{"id":"p1031"}}}]}}]}}
    </script>
    <script>
      (function() {
        const fn = function() {
          Bokeh.safely(function() {
            (function(root) {
              function embed_document(root) {
              const docs_json = document.getElementById('a36d31b4-412e-43ae-9bdd-ecbd2e2731fe').textContent;
              const render_items = [{"docid":"0dda2881-243c-41c2-b7e3-efc3a2d97472","roots":{"p1012":"e8c1940a-5ccd-4d22-8b97-c1e217ee5ddb"},"root_ids":["p1012"]}];
              root.Bokeh.embed.embed_items(docs_json, render_items);
              }
              if (root.Bokeh !== undefined) {
                embed_document(root);
              } else {
                let attempts = 0;
                const timer = setInterval(function(root) {
                  if (root.Bokeh !== undefined) {
                    clearInterval(timer);
                    embed_document(root);
                  } else {
                    attempts++;
                    if (attempts > 100) {
                      clearInterval(timer);
                      console.log("Bokeh: ERROR: Unable to run BokehJS code because BokehJS library is missing");
                    }
                  }
                }, 10, root)
              }
            })(window);
          });
        };
        if (document.readyState != "loading") fn();
        else document.addEventListener("DOMContentLoaded", fn);
      })();
    </script>
  </body>
</html>